generation: 0:
0.0875
0.1
0.175
0.175
0.1875
0.225
0.2625
0.45
generation: 1:
0.175
0.1875
0.225
0.2375
0.2625
0.325
0.3375
0.45
generation: 2:
0.225
0.2375
0.2625
0.275
0.325
0.3375
0.425
0.45
generation: 3:
0.3
0.3125
0.3125
0.325
0.3375
0.35
0.425
0.45
generation: 4:
0.325
0.3375
0.35
0.35
0.3875
0.425
0.45
0.4875
generation: 5:
0.35
0.3875
0.4125
0.4125
0.425
0.45
0.4875
0.6
generation: 6:
0.4125
0.4125
0.425
0.4375
0.45
0.4875
0.4875
0.6
generation: 7:
0.4125
0.425
0.4375
0.45
0.4875
0.4875
0.4875
0.6
generation: 8:
0.45
0.45
0.45
0.4875
0.4875
0.4875
0.6
0.6
generation: 9:
0.4875
0.4875
0.4875
0.4875
0.525
0.5375
0.6
0.6
generation: 10:
0.4875
0.4875
0.5
0.525
0.5375
0.5375
0.6
0.6
generation: 11:
0.525
0.5375
0.5375
0.5375
0.55
0.5625
0.6
0.6
generation: 12:
0.5375
0.5375
0.5375
0.55
0.5625
0.5875
0.6
0.6
